45,55
65,68
32,5
57,66
29,25
53,64
56,59
65,60
35,31
55,68
17,3
51,63
46,3
41,14
65,48
15,16
23,17
58,55
5,1
59,51
37,15
37,18
69,50
17,39
57,45
41,57
68,67
27,13
4,11
63,52
19,41
49,63
55,49
12,25
18,3
11,5
57,43
13,27
23,11
3,19
43,64
52,57
8,17
31,20
25,9
37,16
63,65
55,69
66,27
4,23
54,69
33,21
21,10
29,21
13,6
59,34
31,32
25,7
65,33
31,9
12,5
27,11
7,19
20,15
17,31
41,8
1,20
5,11
13,21
17,4
23,27
43,17
61,45
12,13
30,17
61,66
52,53
1,6
25,29
65,29
27,0
13,9
17,21
66,65
19,15
15,8
63,47
35,1
61,56
47,52
25,36
16,19
23,1
62,55
13,0
22,35
1,24
51,61
5,23
53,69
63,70
15,24
17,41
19,9
49,42
34,15
69,39
29,16
35,25
38,7
55,51
31,12
19,36
7,6
61,34
31,8
12,7
20,19
45,28
17,46
22,31
52,65
67,27
4,15
67,44
34,27
19,27
3,27
8,25
58,69
3,10
41,10
15,9
23,39
26,11
1,5
13,2
33,3
19,42
7,18
65,41
23,12
17,6
37,10
17,13
63,46
23,21
65,63
69,64
33,18
20,7
17,12
53,61
25,28
13,13
61,28
47,64
34,7
3,23
57,55
69,34
65,56
5,5
63,61
68,69
15,25
67,29
29,27
63,49
1,19
43,13
48,61
21,25
59,31
52,49
23,29
63,58
23,5
48,55
17,42
37,21
13,5
11,17
37,54
61,61
38,5
59,46
23,25
42,55
22,15
26,29
27,8
63,67
57,57
7,15
37,3
31,2
51,68
42,17
17,25
7,27
41,12
53,30
2,33
25,15
3,17
13,26
27,37
21,26
49,64
23,16
45,16
67,51
6,9
1,3
51,66
15,1
69,49
17,14
43,58
7,3
21,3
21,35
18,39
19,33
21,38
45,61
59,69
34,23
61,68
66,39
53,68
31,11
3,16
69,47
15,3
25,37
57,63
19,11
67,59
69,55
50,59
36,9
41,6
37,1
7,10
45,7
65,59
33,30
17,7
19,39
10,19
30,7
65,27
64,59
31,17
49,65
32,19
68,29
57,52
64,61
1,26
7,1
67,47
67,42
25,5
63,63
17,37
35,10
17,20
51,69
69,31
44,9
39,18
23,23
55,57
25,6
35,29
25,34
6,1
60,57
21,17
3,7
37,17
19,40
69,65
15,29
13,24
29,30
61,51
49,19
59,60
50,51
19,19
19,37
13,20
7,24
41,51
43,52
43,53
67,55
19,22
65,52
6,31
15,15
61,40
23,18
21,33
33,33
51,43
35,7
66,47
53,55
61,26
56,69
21,27
67,34
44,55
41,16
9,7
34,17
69,67
39,20
1,7
66,31
43,8
15,27
13,3
46,59
23,22
21,36
47,30
43,62
11,7
4,25
9,17
39,12
9,1
63,45
7,5
21,32
69,57
21,8
5,9
33,5
57,48
35,27
21,31
5,33
70,27
5,13
58,47
2,21
35,13
15,22
16,7
29,20
19,29
17,30
43,6
9,36
61,42
45,58
69,59
28,29
11,1
27,15
41,5
65,50
68,55
55,66
59,26
67,67
37,5
32,15
61,52
43,54
21,29
69,69
57,53
3,21
31,10
7,7
28,23
25,23
51,60
37,11
43,65
62,49
15,14
65,51
30,11
41,52
14,13
25,26
61,27
25,3
46,45
69,38
63,57
68,37
62,61
40,49
69,35
37,0
55,55
15,7
0,21
15,11
25,14
63,27
15,18
59,67
61,41
55,67
69,61
2,1
5,22
59,55
5,19
33,1
43,14
3,29
36,19
17,29
39,15
63,36
47,69
51,62
59,54
27,25
59,27
16,11
61,64
25,8
43,20
31,23
69,30
33,15
10,1
21,23
47,65
45,47
60,65
63,56
63,62
61,29
37,30
14,21
6,17
53,31
43,11
3,4
7,11
26,15
39,17
51,15
11,19
23,33
59,62
53,67
70,61
9,27
13,16
19,16
66,67
15,23
49,62
29,19
6,21
27,7
19,13
33,31
19,30
5,25
69,27
25,40
14,33
43,1
9,9
21,28
19,4
25,31
27,3
25,24
39,2
17,11
70,53
43,21
28,5
9,15
23,24
57,69
35,3
33,17
61,53
30,5
29,11
41,49
68,47
41,2
50,57
17,33
11,13
39,10
57,58
25,13
2,29
17,38
55,65
31,19
20,11
58,57
49,30
50,53
51,57
36,3
41,21
31,22
64,39
30,25
15,36
37,22
22,5
18,27
23,37
39,6
55,64
39,11
51,51
13,1
53,65
67,28
24,27
17,17
28,9
69,51
39,35
14,5
25,21
54,63
43,2
17,16
63,29
22,41
15,2
11,16
59,57
69,63
43,57
11,11
42,59
39,3
45,56
37,27
45,13
53,62
49,53
25,35
33,29
52,55
57,47
0,5
27,31
2,25
43,59
22,1
15,21
31,3
13,28
5,3
17,26
69,33
26,3
49,59
67,53
23,9
49,57
19,32
28,15
22,29
43,15
21,20
23,7
67,43
13,11
7,29
37,2
39,13
33,19
47,15
19,7
25,11
51,70
63,68
24,3
5,14
45,54
5,12
18,19
64,29
59,52
35,15
23,31
39,63
69,48
39,7
55,54
45,57
25,0
31,14
64,49
47,57
31,13
65,53
55,59
26,35
27,17
45,66
2,3
53,58
55,61
27,1
35,19
15,19
46,51
39,27
54,51
7,13
65,61
53,57
13,10
61,50
57,61
53,17
25,19
57,50
62,65
59,63
25,10
61,69
36,21
67,61
48,67
53,59
55,60
9,5
21,9
47,63
31,25
10,35
34,19
6,3
25,20
29,12
29,7
63,53
69,37
29,29
8,7
61,60
29,37
62,43
62,33
69,29
43,4
19,24
9,19
45,60
27,22
19,5
49,52
22,7
29,5
31,21
61,55
9,13
27,9
63,69
35,17
38,59
58,59
33,11
6,25
49,55
31,27
24,37
65,49
61,43
21,37
64,67
65,32
31,4
25,22
7,35
28,31
2,9
18,33
5,27
61,46
66,57
9,4
25,17
4,1
29,13
67,52
65,57
35,11
10,17
2,7
67,31
21,34
3,8
9,23
19,6
27,26
17,10
33,6
8,15
67,64
11,9
44,51
27,10
8,13
45,51
3,1
33,26
65,30
15,33
23,3
28,3
23,20
32,23
63,54
27,23
47,53
67,49
11,8
13,4
32,1
44,19
54,59
41,65
27,6
19,31
25,1
39,21
32,31
53,63
69,41
47,61
41,4
20,23
11,14
61,30
59,61
53,53
65,54
65,65
7,9
19,1
29,9
45,53
67,69
31,7
20,39
38,15
65,45
67,35
21,41
6,15
63,51
50,65
64,45
15,12
12,11
61,63
37,7
41,7
4,5
27,35
23,40
45,59
36,27
41,0
24,9
27,33
24,15
46,63
49,61
11,15
23,13
17,32
23,41
63,28
38,51
5,17
24,5
20,29
59,50
55,56
17,19
59,64
3,3
37,19
35,14
29,23
48,57
69,43
57,62
5,15
69,66
64,65
38,23
7,23
9,11
7,20
33,8
58,65
59,59
5,21
17,28
3,5
19,25
26,17
67,36
55,63
68,41
39,9
17,5
18,35
59,35
21,15
6,27
33,9
22,11
41,13
18,13
25,25
23,15
43,51
3,25
67,46
70,43
53,52
43,50
34,3
39,4
19,21
10,11
31,1
63,32
31,31
22,25
69,53
22,23
65,69
29,3
15,17
51,59
16,3
1,25
37,8
57,49
51,49
43,5
40,15
57,35
28,27
35,0
31,16
68,53
59,53
63,43
30,23
26,31
47,54
41,17
51,67
17,23
41,3
65,47
57,51
33,10
3,18
17,22
32,25
69,40
13,7
36,13
57,67
39,55
69,44
61,67
35,4
68,61
17,24
65,39
29,31
24,31
29,36
5,8
23,19
31,15
5,2
7,28
1,1
35,23
41,19
61,31
23,35
21,39
21,13
66,33
57,65
27,12
41,9
7,4
5,6
61,48
65,44
51,65
68,59
35,24
60,49
45,19
47,8
27,29
39,1
28,19
59,68
19,35
8,11
61,59
24,33
68,33
19,2
7,12
37,13
27,5
14,9
61,57
1,21
41,15
3,48
67,65
15,5
5,7
51,53
69,45
64,35
29,17
68,57
41,56
65,55
25,18
10,9
66,61
3,15
41,11
19,17
33,12
26,23
4,19
3,42
61,49
54,55
41,62
3,22
59,65
67,45
67,57
67,50
43,55
21,4
61,47
35,5
70,69
51,55
29,15
63,44
21,5
67,54
9,30
65,43
17,9
17,35
19,3
18,9
67,33
34,21
65,26
17,15
56,63
25,2
9,25
47,59
37,12
39,14
17,1
25,27
21,21
27,19
66,63
41,1
9,21
49,58
50,55
5,47
56,55
8,1
20,13
21,18
69,58
35,9
21,2
17,0
35,6
33,13
46,61
26,33
63,33
24,13
37,55
